V(V)	ΔV	    I(mA)	ΔI
0.780	0.007	8.10	0.22
0.779	0.007	7.64	0.21
0.774	0.007	6.78	0.19
0.769	0.007	5.41	0.16
0.757	0.007	3.52	0.11
0.749	0.007	2.34	0.08
0.736	0.007	1.44	0.06
0.718	0.007	0.63	0.04
0.709	0.007	0.42	0.03
0.701	0.007	0.27	0.03
0.685	0.007	0.10	0.02
0.670	0.007	0.00	0.02
0.660	0.007	0.00	0.02
0.635	0.006	0.00	0.02
0.593	0.006	0.00	0.02
0.580	0.006	0.00	0.02
0.381	0.005	0.00	0.02
0.137	0.003	0.00	0.02
-0.487	0.005	0.00	0.02
-0.871	0.008	0.00	0.02
-1.000	0.009	0.00	0.02
-1.379	0.012	0.00	0.02
-1.613	0.013	0.00	0.02
-1.753	0.014	0.00	0.02
-2.028	0.016	0.00	0.02
-2.196	0.017	-0.04	0.02
-2.409	0.019	-0.21	0.03
-2.650	0.021	-0.58	0.03
-2.947	0.023	-1.50	0.06
-3.174	0.024	-2.87	0.09
-3.221	0.025	-3.28	0.10
-3.229	0.025	-3.36	0.10